R 04 1024
SP# 11     889.781
 0 0 0 1 0 0 0 0 0 0
 0 0 0 0 0 0 0 0 0 0
 1 0 0 0 0 0 0 0 0 0
 0 0 0 0 0 0 0 0 0 0
 0 0 0 0 0 0 0 0 0 0
 0 0 0 0 1 0 0 0 0 0
 0 0 0 0 0 0 0 0 0 0
 0 0 0 0 0 0 0 0 0 0
 0 0 0 0 0 0 0 0 0 0
 0 0 0 0 0 0 0 0 0 0
 0 1 0 0 0 0 0 0 0 0
 0 0 0 0 0 0 0 0 0 0
 0 0 0 0 0 0 0 0 0 0
 0 0 0 1 0 0 0 0 0 0
 0 0 0 0 0 0 1 0 0 0
 0 0 0 0 0 0 0 1 0 0
 0 0 0 0 0 0 0 0 0 0
 0 0 0 0 0 0 0 0 0 0
 0 0 0 0 0 0 0 0 0 0
 0 0 0 0 0 0 0 0 0 0
 0 0 0 0 0 0 0 0 0 0
 0 0 0 0 0 0 0 0 0 0
 0 0 0 0 0 0 0 0 0 0
 0 0 0 0 0 0 0 0 0 0
 0 0 0 0 0 0 0 0 0 0
 0 0 0 0 0 0 0 0 0 0
 0 0 0 0 0 0 0 0 0 0
 0 0 0 0 0 0 0 0 0 0
 0 0 0 0 0 0 0 0 0 0
 0 0 0 0 0 0 0 0 0 0
 0 0 0 0 0 0 0 0 0 0
 0 0 0 0 0 0 0 0 0 0
 0 0 0 0 0 0 0 0 0 0
 0 0 0 0 0 0 0 0 0 0
 0 0 0 0 0 0 0 0 0 0
 0 0 0 0 0 0 0 0 0 0
 0 0 0 0 0 0 0 0 0 0
 0 0 0 0 0 0 0 0 0 0
 0 0 0 0 0 0 0 0 0 0
 0 0 0 0 0 0 0 0 0 0
 0 0 0 0 0 0 0 0 0 0
 0 0 0 0 0 0 0 0 0 0
 0 0 0 0 0 0 0 0 0 0
 0 0 0 0 0 0 0 0 0 0
 0 0 0 0 0 0 0 0 0 0
 0 0 0 0 0 0 0 0 0 0
 0 0 0 0 0 0 0 0 0 0
 0 0 0 0 0 0 0 0 0 0
 0 0 0 0 0 0 0 0 0 0
 0 0 0 0 0 0 0 0 0 0
 0 0 0 0 0 0 0 0 0 0
 0 0 0 0 0 0 0 0 0 0
 0 0 0 0 0 0 0 0 0 0
 0 0 0 0 0 0 0 0 0 0
 0 0 0 0 0 0 0 0 0 0
 0 0 0 0 0 0 0 0 0 0
 0 0 0 0 0 0 0 0 0 0
 0 0 0 0 0 0 0 0 0 0
 0 0 0 0 0 0 0 0 0 0
 0 0 0 0 0 0 0 0 0 0
 0 0 0 0 0 0 0 0 0 0
 0 0 0 0 0 0 0 0 0 0
 0 0 0 0 0 0 0 0 0 0
 0 0 0 0 0 0 0 0 0 0
 0 0 0 0 0 0 0 0 0 0
 0 0 0 0 0 0 0 0 0 0
 0 0 0 0 0 0 0 0 0 0
 0 0 0 0 0 0 0 0 0 0
 0 0 0 0 0 0 0 0 0 0
 0 0 0 0 0 0 0 0 0 0
 0 0 0 0 0 0 0 0 0 0
 0 0 0 0 0 0 0 0 0 0
 0 0 0 0 0 0 0 0 0 0
 0 0 0 0 0 0 0 0 0 0
 0 0 0 0 0 0 0 0 0 0
 0 0 0 0 0 0 0 0 0 0
 0 0 0 0 0 0 0 0 0 0
 0 0 0 0 0 0 0 0 0 0
 0 0 0 0 0 0 0 0 0 0
 0 0 0 0 0 0 0 0 0 0
 0 0 0 0 0 0 0 0 0 0
 0 0 0 0 0 0 0 0 0 0
 0 0 0 0 0 0 0 0 0 0
 0 0 0 0 0 0 0 0 0 0
 0 0 0 0 0 0 0 0 0 0
 0 0 0 0 0 0 0 0 0 0
 0 0 0 0 0 0 0 0 0 0
 0 0 0 0 0 0 0 0 0 0
 0 0 0 0 0 0 0 0 0 0
 0 0 0 0 0 0 0 0 0 0
 0 0 0 0 0 0 0 0 0 0
 0 0 0 0 0 0 0 0 0 0
 0 0 0 0 0 0 0 0 0 0
 0 0 0 0 0 0 0 0 0 0
 0 0 0 0 0 0 0 0 0 0
 0 0 0 0 0 0 0 0 0 0
 0 0 0 0 0 0 0 0 0 0
 0 0 0 0 0 0 0 0 0 0
 0 0 0 0 0 0 0 0 0 0
 0 0 0 0 0 0 0 0 0 0
 0 0 0 0 0 0 0 0 0 0
 0 0 0 0 0 0 0 0 0 0
 0 0 0 0
SP# 12     889.781
 0 0 0 0 0 0 0 1 0 0
 2 0 1 0 0 0 0 2 2 2
 2 1 1 2 3 4 1 2 5 14
 6 9 5 11 13 13 21 18 22 15
 23 28 21 33 39 38 37 35 41 38
 56 52 65 74 62 75 93 74 96 70
 79 90 91 98 92 105 102 106 153 123
 122 161 139 133 144 151 156 160 150 155
 167 180 175 197 188 190 181 193 225 177
 221 229 225 214 209 243 228 217 237 237
 231 237 252 254 252 242 257 261 273 255
 270 321 298 308 292 295 276 310 299 306
 340 295 296 316 306 311 308 314 257 331
 290 303 290 329 313 292 333 278 318 340
 305 306 357 308 305 344 323 324 370 319
 322 331 327 313 333 334 326 316 362 358
 309 329 305 355 329 325 311 295 299 302
 329 326 315 299 319 338 340 320 296 304
 314 303 303 295 317 287 273 295 280 301
 301 276 295 294 334 243 276 273 253 250
 254 288 250 256 279 252 270 239 244 246
 276 217 254 229 227 231 246 212 245 221
 239 208 205 196 177 211 219 182 176 217
 196 195 175 216 172 186 167 174 158 152
 169 166 167 147 147 152 161 145 156 145
 146 124 143 148 116 133 129 121 93 126
 113 118 95 96 105 104 79 83 104 89
 76 75 71 70 77 77 63 67 80 69
 76 58 64 56 55 58 43 47 48 39
 49 49 39 40 33 37 37 39 29 29
 26 27 28 33 26 23 18 21 21 22
 22 19 14 17 17 11 13 16 14 14
 8 15 6 7 6 8 2 4 7 6
 2 4 7 8 2 3 3 3 3 4
 1 3 4 3 2 1 2 0 0 3
 0 1 1 2 0 1 1 3 1 3
 0 0 0 2 0 1 0 0 0 0
 0 1 1 0 0 0 1 0 0 0
 0 1 0 0 0 0 0 0 0 0
 0 0 0 0 0 0 0 0 0 0
 0 0 1 0 0 0 0 0 0 0
 0 0 0 0 0 0 0 1 0 0
 0 1 0 0 0 0 0 0 0 0
 0 1 0 0 0 0 1 0 0 0
 0 0 0 0 0 0 0 0 1 0
 0 1 1 0 0 0 0 1 0 0
 0 1 0 0 0 0 1 0 0 0
 0 0 0 0 0 0 0 0 0 0
 0 0 0 0 0 0 0 0 0 0
 0 0 0 0 0 0 0 0 0 0
 1 0 0 0 0 0 0 1 0 0
 0 0 0 0 0 0 0 0 0 0
 2 0 0 0 0 0 0 0 0 0
 0 0 0 0 0 0 0 0 0 0
 0 0 0 0 0 0 0 0 0 0
 0 0 0 0 0 0 0 0 2 0
 0 0 0 0 0 0 0 1 0 0
 0 0 0 0 0 0 0 0 0 0
 0 0 1 0 0 0 0 1 1 0
 0 0 0 0 0 0 0 0 0 0
 1 1 0 2 0 0 0 1 0 0
 1 0 0 0 2 0 0 0 1 2
 0 0 0 0 0 1 1 1 0 0
 0 0 0 0 0 0 0 0 0 2
 0 0 0 1 0 0 0 1 0 0
 0 0 0 0 1 0 0 0 0 0
 0 0 1 1 0 0 0 0 1 0
 1 0 0 0 0 0 0 0 1 0
 0 0 0 0 0 0 0 0 0 0
 1 0 0 0 0 0 0 0 0 0
 1 0 0 0 0 0 0 1 1 0
 0 0 0 0 0 0 1 0 1 0
 0 0 0 0 0 0 1 0 0 0
 0 0 0 0 0 0 0 0 0 0
 0 0 0 0 0 0 1 0 0 0
 0 0 0 0 0 0 0 0 0 1
 0 0 0 0 0 0 0 0 0 0
 0 0 0 0 0 0 0 0 0 0
 0 0 0 0 0 0 0 0 1 0
 0 0 0 0 0 0 0 0 0 1
 0 0 0 0 0 0 0 0 0 0
 0 0 0 0 0 0 0 0 0 0
 0 0 0 0 0 0 0 0 0 0
 0 0 0 0 0 0 0 0 0 0
 0 0 0 0 0 0 0 0 0 0
 0 0 0 0 0 0 0 0 0 0
 0 0 0 0 0 0 0 0 0 0
 0 0 0 0 0 0 0 0 0 0
 0 0 0 0 0 0 0 0 0 0
 0 0 0 0 0 0 0 0 0 0
 0 0 0 0 0 0 0 0 0 0
 0 0 0 0 0 0 0 0 0 0
 1 0 0 0 0 0 0 0 0 0
 0 0 0 0 0 0 0 0 0 0
 0 0 0 0 0 0 0 0 0 0
 0 0 0 0 0 0 0 0 0 0
 0 0 0 0 0 0 0 0 0 0
 0 0 0 0 0 0 0 0 0 0
 0 0 0 0 0 0 0 0 0 0
 0 0 0 0 0 0 0 0 0 0
 0 0 0 0 0 0 0 0 0 0
 0 0 0 0 0 0 0 0 0 0
 0 0 0 0
SP# 21     890.285
 0 0 0 0 0 0 0 0 0 0
 0 0 0 0 0 0 0 0 0 0
 0 0 0 0 0 0 0 0 0 0
 0 0 0 0 0 0 0 0 0 0
 0 0 0 0 0 0 0 0 0 0
 0 0 0 0 1 0 0 0 0 0
 0 0 0 0 0 1 1 0 0 0
 0 2 0 1 0 0 0 0 0 1
 0 4 2 1 2 1 0 3 0 3
 1 1 0 1 1 3 4 1 3 3
 3 2 2 2 8 3 1 1 0 0
 3 2 1 5 6 4 4 10 3 2
 4 2 2 3 3 4 7 7 6 4
 6 1 3 3 6 8 2 7 10 7
 4 3 5 6 5 8 7 6 7 7
 6 3 8 5 5 8 6 4 8 8
 4 5 8 6 2 4 8 8 6 2
 9 7 11 6 6 6 5 5 4 6
 7 8 6 7 7 7 2 8 5 6
 5 7 5 4 9 3 11 3 3 6
 7 8 8 8 6 3 9 5 3 5
 9 6 11 5 10 6 9 7 6 6
 1 9 10 7 7 12 9 6 8 11
 6 9 8 7 11 5 9 10 5 9
 6 8 7 8 10 12 9 7 5 10
 4 7 12 10 12 13 7 7 9 12
 7 10 4 4 7 8 6 5 12 9
 13 6 9 5 5 5 11 7 9 3
 11 6 5 9 7 7 9 10 7 9
 6 6 7 7 7 7 8 10 13 6
 4 4 12 6 6 8 3 13 0 4
 2 7 2 8 6 5 5 6 8 8
 12 7 7 5 9 4 3 8 10 10
 10 8 5 6 7 7 3 4 13 9
 9 8 7 2 11 6 9 2 8 8
 2 4 6 10 9 7 11 8 8 5
 9 6 11 7 8 4 8 4 5 9
 5 6 4 7 9 3 9 10 7 6
 9 11 3 8 6 6 7 6 6 8
 4 11 5 4 9 7 6 6 7 4
 4 11 7 8 5 9 13 4 8 6
 4 8 6 6 4 9 6 1 6 6
 7 7 6 10 6 6 9 2 11 7
 3 2 5 6 6 8 8 5 6 5
 9 6 8 7 5 7 4 5 8 7
 4 5 5 4 8 4 1 8 7 5
 5 5 3 4 6 1 7 6 6 3
 3 6 3 5 5 3 11 3 2 7
 4 9 5 4 6 8 5 4 5 5
 5 6 4 4 8 3 2 9 3 7
 4 3 3 6 2 7 6 5 7 4
 6 6 6 5 8 9 6 3 7 6
 2 9 3 2 8 4 6 11 9 4
 8 4 1 7 4 2 4 5 9 5
 10 8 7 7 5 4 3 6 3 6
 6 8 4 7 8 5 4 5 7 7
 7 7 6 3 12 3 9 4 9 4
 6 4 5 5 7 6 8 6 5 3
 10 7 6 10 5 7 6 4 6 5
 6 5 13 6 6 12 8 12 7 11
 7 7 4 5 11 13 11 9 6 6
 4 8 10 6 8 12 13 7 13 8
 10 11 13 13 14 17 15 10 18 18
 16 12 11 15 15 16 14 8 13 7
 14 16 11 13 11 10 14 15 13 13
 18 10 10 14 18 22 9 17 16 15
 20 21 13 18 16 11 6 18 14 23
 20 16 18 16 17 17 12 28 24 15
 19 18 21 14 14 18 29 17 12 18
 22 26 20 28 18 22 28 25 27 22
 22 20 19 27 27 13 18 18 23 35
 24 28 21 17 35 16 18 16 19 21
 24 35 14 21 21 22 25 22 26 18
 22 29 30 30 26 32 27 23 28 16
 20 27 22 28 30 20 26 11 16 16
 26 25 26 32 14 23 16 24 23 25
 11 22 17 24 18 21 19 18 23 15
 22 24 14 17 18 14 19 17 22 24
 20 14 15 21 16 14 11 16 16 13
 21 21 17 14 12 21 8 15 14 17
 14 16 10 20 19 14 10 16 9 15
 14 15 7 11 15 15 9 7 12 13
 12 13 11 14 14 11 10 6 6 20
 10 7 10 11 15 11 10 9 10 13
 8 7 15 7 9 5 5 11 9 6
 8 9 13 11 8 6 9 7 12 9
 15 9 7 3 4 7 7 6 7 5
 7 7 10 10 5 11 7 4 8 7
 7 9 6 7 6 6 15 7 1 5
 10 9 9 4 4 6 3 4 9 11
 10 6 5 8 7 9 8 4 2 5
 3 2 2 5 6 3 3 2 1 8
 4 3 5 2 3 1 1 6 0 3
 1 0 3 2 3 2 2 1 1 1
 1 0 1 1 2 2 2 3 0 0
 0 1 1 2 1 2 2 0 1 1
 3 0 0 0 0 0 0 0 1 0
 0 1 0 0 0 0 1 0 1 1
 0 0 0 0 1 0 0 0 0 0
 0 0 0 0 0 0 0 0 0 0
 0 0 0 1 0 0 0 0 0 0
 0 0 0 0 0 0 0 0 0 0
 0 0 0 0
SP# 22     890.285
 0 0 0 0 0 0 0 0 0 0
 0 0 0 0 0 0 0 0 0 0
 0 0 0 0 0 0 0 0 0 0
 0 0 0 0 0 0 0 0 0 0
 0 0 0 0 0 0 0 0 0 0
 0 0 0 0 0 0 0 0 0 0
 0 0 0 0 0 0 0 0 0 0
 0 0 0 0 0 0 0 0 0 0
 0 0 0 0 0 0 0 0 0 0
 0 0 0 0 0 0 0 0 0 0
 0 0 0 0 0 0 0 0 0 0
 0 0 0 0 0 0 0 0 0 0
 0 0 0 0 0 0 0 0 0 0
 0 0 0 0 0 0 0 0 0 0
 0 0 0 0 0 0 0 0 0 0
 0 0 0 0 0 0 0 0 0 0
 0 0 0 1 0 0 0 0 0 0
 0 0 0 0 0 0 0 0 0 0
 0 0 0 0 0 0 0 0 0 0
 0 0 0 0 0 0 0 0 0 0
 0 0 0 0 0 0 0 0 0 0
 0 0 0 0 0 0 0 0 0 0
 0 0 0 0 0 0 0 0 0 0
 0 0 0 0 0 0 0 0 0 0
 0 0 0 0 0 0 0 0 0 0
 0 0 0 0 0 0 0 0 0 0
 0 0 0 0 0 0 1 0 0 0
 0 0 0 0 0 0 0 0 0 0
 0 0 0 0 0 1 0 0 0 0
 0 0 0 0 0 0 0 0 0 0
 1 0 0 0 0 0 0 0 0 0
 0 0 0 0 0 0 0 0 0 0
 0 0 0 0 0 0 0 0 0 0
 0 0 0 0 0 0 0 0 0 0
 0 0 0 0 0 0 0 0 0 1
 0 0 0 0 0 0 0 0 1 0
 0 0 0 0 0 1 0 0 0 0
 0 0 0 0 0 0 0 0 0 0
 0 0 0 0 0 0 0 0 0 0
 0 0 1 0 0 0 1 0 0 0
 0 0 1 0 0 0 0 0 1 0
 0 0 0 0 0 0 0 0 0 0
 0 0 0 0 0 0 0 0 0 0
 0 0 0 0 0 0 0 0 0 0
 0 0 0 0 0 0 0 0 0 0
 0 0 0 0 0 0 0 0 0 0
 0 0 1 0 0 0 0 0 0 0
 0 0 0 0 0 0 0 0 0 0
 0 0 0 0 0 0 0 0 0 0
 0 0 0 0 0 0 0 0 1 0
 0 0 0 0 0 0 0 0 0 0
 0 0 0 0 0 0 0 0 0 0
 0 0 0 0 0 0 0 0 0 0
 0 0 0 0 0 0 0 0 0 0
 0 0 0 0 0 0 0 0 0 0
 0 0 0 0 0 0 0 0 1 1
 1 0 0 0 0 0 0 0 0 0
 0 0 0 0 0 0 0 0 0 0
 0 0 0 1 0 0 0 0 0 1
 0 0 0 1 0 2 0 1 1 0
 0 0 1 1 1 0 0 0 0 2
 0 0 0 1 0 1 0 4 2 2
 1 3 1 1 1 1 1 3 0 1
 1 2 0 0 4 0 3 0 2 2
 2 3 1 1 1 1 2 0 1 1
 2 3 0 0 2 2 3 2 2 0
 1 2 2 3 2 0 2 1 2 1
 1 1 0 2 1 1 1 2 2 1
 1 1 0 2 0 1 3 2 0 1
 0 1 1 2 1 0 0 0 0 2
 3 0 0 3 2 1 0 2 2 2
 1 1 6 1 1 2 1 0 0 1
 1 2 3 2 0 2 2 2 0 3
 0 3 1 4 0 3 0 1 1 0
 0 0 1 1 2 0 0 1 0 2
 1 0 4 1 0 1 2 0 0 0
 1 1 0 0 0 2 2 0 0 0
 0 1 0 1 0 0 0 0 0 1
 0 0 0 0 0 1 2 1 2 1
 0 0 0 0 1 0 0 1 0 0
 1 1 0 0 1 0 0 1 1 0
 1 2 0 0 0 1 2 0 0 0
 0 0 1 0 1 1 0 0 0 0
 2 1 1 0 0 0 0 0 1 0
 0 0 0 0 0 1 0 0 0 1
 1 0 1 0 0 0 0 0 0 0
 0 0 0 0 1 1 0 0 0 0
 0 0 0 0 0 0 1 0 1 0
 0 0 0 0 0 0 0 0 1 1
 0 0 0 0 0 0 1 0 0 0
 0 0 0 0 0 0 0 0 0 0
 0 0 0 1 0 0 0 1 0 0
 0 1 0 0 0 0 0 0 1 0
 0 0 0 0 0 0 0 0 0 0
 0 0 0 0 0 0 0 0 0 0
 0 0 0 0 1 0 0 0 0 0
 0 0 0 0 0 0 0 0 0 0
 0 0 0 0 0 0 0 0 0 0
 0 0 0 0 0 0 0 0 0 0
 0 0 0 0 0 0 0 0 0 0
 0 0 0 0 0 0 0 0 0 0
 0 0 0 0 0 0 0 0 0 0
 0 0 0 1
