R 01 1024
SP# 12   35531.463
 22 0 0 0 0 0 0 1 0 0
 1 0 2 0 0 0 0 0 0 0
 2 1 1 1 2 1 1 1 0 1
 1 4 5 2 0 3 3 1 2 6
 6 6 3 8 9 5 4 9 7 11
 7 7 14 11 23 9 10 12 15 18
 18 13 14 22 13 24 14 16 16 12
 18 19 21 19 17 24 14 20 23 16
 22 18 23 36 19 25 18 18 21 24
 21 27 35 24 33 27 19 24 34 24
 32 27 33 28 27 25 24 26 26 22
 33 34 29 26 23 30 28 26 34 25
 27 28 30 27 21 23 33 28 31 21
 33 24 32 35 24 30 32 30 28 29
 30 21 29 24 30 24 32 23 36 28
 22 15 27 28 20 18 19 17 28 14
 21 16 25 24 21 21 14 28 25 16
 15 27 23 16 16 16 24 18 24 24
 19 12 20 18 15 14 14 22 8 15
 14 12 19 9 11 16 13 17 13 6
 8 9 15 8 17 9 11 12 11 6
 13 7 15 19 11 7 16 13 8 7
 8 14 7 9 16 8 8 10 9 8
 8 8 8 7 8 5 3 11 7 8
 12 12 10 7 6 7 7 10 5 5
 2 3 12 5 4 12 7 3 9 8
 10 6 6 6 9 2 8 8 5 5
 10 8 10 4 6 5 14 6 5 9
 4 9 5 1 11 5 9 10 4 5
 7 5 5 3 14 7 4 6 5 11
 4 5 6 11 8 7 4 6 5 5
 6 12 8 6 6 6 6 5 8 9
 7 11 3 6 5 5 14 5 8 7
 8 4 4 8 8 7 9 6 1 5
 6 10 11 11 6 5 8 5 4 7
 5 3 8 7 7 11 6 8 6 9
 5 9 10 13 7 8 6 2 6 10
 13 6 6 10 4 11 3 2 5 9
 10 6 7 5 9 7 6 7 4 3
 9 8 3 11 11 11 10 4 7 8
 11 9 6 7 5 3 12 10 6 10
 5 4 8 8 10 9 8 3 9 5
 7 4 6 10 5 11 11 6 9 5
 8 6 4 16 5 9 5 5 9 6
 8 11 6 10 9 8 6 7 7 6
 12 8 9 17 8 10 5 9 11 8
 9 12 14 8 8 3 8 14 8 6
 6 8 6 8 10 16 3 12 3 6
 10 13 9 8 8 10 13 0 10 5
 6 8 14 7 9 7 10 8 11 11
 13 7 8 13 5 7 4 11 11 12
 14 12 7 13 8 10 4 9 17 12
 10 6 15 9 12 6 14 13 14 5
 11 9 21 11 12 7 14 8 15 14
 13 12 10 10 10 7 7 9 9 11
 7 9 16 8 8 16 12 13 14 15
 10 5 9 15 7 10 10 6 11 9
 11 5 13 2 6 9 11 15 10 12
 10 13 12 13 10 12 13 10 7 10
 13 12 14 10 9 17 10 11 14 11
 13 10 9 12 12 10 14 5 9 12
 5 12 7 10 8 9 5 15 13 7
 14 6 7 11 12 11 14 13 9 10
 14 7 15 5 13 12 6 15 6 6
 9 7 11 13 5 6 7 13 10 10
 12 12 10 8 10 14 13 11 12 11
 14 10 8 12 4 8 7 12 8 13
 9 10 8 4 6 11 4 7 12 10
 5 7 9 9 5 7 9 7 9 12
 5 6 8 6 5 6 2 5 7 5
 6 3 10 4 4 7 7 5 5 7
 4 3 1 8 8 4 6 8 3 0
 1 4 5 2 2 6 5 3 5 5
 7 3 3 4 1 2 4 4 3 5
 2 3 2 0 1 3 1 0 2 4
 5 0 0 0 2 2 1 5 2 2
 2 1 2 1 0 1 0 1 2 2
 1 1 2 0 3 0 0 1 0 0
 1 1 0 1 1 1 2 1 1 0
 2 1 1 3 0 1 0 1 0 0
 0 2 0 0 0 0 1 0 2 0
 0 2 0 0 0 0 1 0 0 0
 0 1 0 1 0 0 1 0 1 1
 0 0 0 0 0 0 0 0 0 1
 1 2 1 0 0 0 0 0 1 0
 0 0 0 0 0 0 0 0 0 0
 1 0 0 0 0 0 0 0 0 0
 0 0 0 0 1 0 0 0 0 0
 0 0 0 0 0 0 0 0 0 0
 1 0 0 0 0 0 0 0 0 0
 0 0 0 0 0 1 0 1 0 0
 0 0 0 0 0 0 0 0 0 0
 1 0 0 0 0 1 0 0 1 0
 0 0 0 1 0 0 0 0 0 0
 0 0 0 0 0 0 0 0 0 0
 1 0 0 0 0 0 0 0 0 0
 0 0 0 0 0 0 0 0 1 0
 0 0 0 0 0 0 0 0 0 0
 0 0 0 0 0 0 1 0 0 0
 0 0 0 0 0 0 0 0 0 0
 0 0 0 0 0 0 0 0 0 0
 0 0 0 0 0 0 0 0 0 0
 0 0 0 0
